# Waypoints: deck, then x,y in characters (always the middle of a block)
# and the directions a droid may leave in, as eight bits:
# 128 left, 64 down-left, 32 down, 16 down-right, 8 right, 4 up-right,
# 2 up, 1 up-left. The droids of a deck start on its waypoints 1, 2, ...

deck 0
66 18 8
74 18 128
110 34 112
106 38 28
114 38 73
126 38 128
110 42 7

deck 1
22 6 8
54 6 168
78 6 168
86 6 128
54 14 2
78 18 74
86 18 168
134 18 128
62 26 24
86 26 130
22 30 8
66 30 133
154 42 8
162 42 128

deck 2
102 18 72
118 18 144
58 22 8
98 22 140
122 22 129

deck 3
58 6 40
122 6 168
154 6 160
86 18 40
102 18 144
58 30 10
86 30 162
114 30 41
122 30 168
154 30 130
86 42 10
114 42 130
134 42 72
142 42 160
38 54 8
122 54 134
142 54 10
154 54 128

deck 4
22 6 8
66 6 32
30 14 32
66 14 128
82 14 40
118 14 128
58 22 44
82 22 130
50 30 8
58 30 138
158 30 128
58 42 26
102 42 128
30 46 8
62 46 33
22 54 2
62 54 128

deck 5
22 6 40
50 6 160
50 14 10
70 14 128
94 14 32
22 26 10
38 26 168
50 26 168
94 26 138
122 26 144
126 30 9
158 30 128
38 38 82
34 42 12
42 42 129
50 42 42
82 42 128
22 54 8
50 54 130

deck 6
22 14 40
46 14 168
58 14 168
82 14 144
90 22 9
106 22 168
130 22 160
130 26 10
138 26 176
90 30 40
98 30 128
142 30 73
158 30 128
74 34 32
110 34 72
138 34 134
98 38 40
106 38 134
46 46 2
58 46 10
74 46 138
90 46 138
98 46 130
22 54 2

deck 7
50 10 32
38 22 8
50 22 138
94 22 32
70 30 32
94 30 40
118 30 168
146 30 128
118 34 2
34 42 8
50 42 130
54 46 1
70 46 130
94 46 128

deck 8
38 22 40
50 22 168
94 22 160
110 22 128
50 30 10
86 30 160
122 30 72
138 30 128
94 34 8
110 34 10
118 34 132
38 42 10
54 42 128
70 46 4
86 46 128

deck 9
78 14 64
62 22 40
70 22 140
90 22 160
90 30 10
122 30 128
62 42 10
78 42 128

deck 10
86 6 8
134 6 32
34 10 16
54 10 128
42 18 32
62 18 137
86 18 146
90 22 41
134 22 136
154 22 160
130 38 24
154 38 130
42 42 34
78 42 136
90 42 138
122 42 168
134 42 129
42 58 8
78 58 2
122 58 2

deck 11
34 6 96
46 6 160
78 6 160
154 6 128
30 10 8
90 10 8
142 10 40
150 10 32
34 14 3
90 18 18
110 38 33
46 50 64
42 54 8
78 54 10
110 54 130
142 54 130
150 54 8
154 54 2

deck 12
50 6 40
58 6 168
74 6 32
106 6 160
138 6 128
58 18 18
62 22 33
90 22 32
122 22 32
62 42 2
50 58 10
74 58 136
90 58 138
106 58 138
122 58 138
138 58 130

deck 13
78 6 8
102 6 32
90 18 32
78 42 2
102 46 2
86 50 1
90 50 138
106 50 129

deck 14
122 6 8
138 6 32
194 10 32
50 14 16
54 18 9
86 18 160
194 22 74
210 22 128
74 30 8
86 30 138
122 30 130
182 34 4
46 42 8
62 42 144
66 46 9
122 46 130
138 46 128

deck 15
86 6 64
94 6 168
118 6 168
138 6 160
46 14 8
78 14 136
94 14 42
106 14 128
182 14 32
182 22 10
194 22 128
118 30 2
94 34 2
110 38 40
118 38 168
138 38 130
86 46 8
110 46 130
118 54 32
